0.000000 0.000000 0.000000 0.000000 0.000000 0.000000 0.000000 0.000000 0.000000 0.000000 0.000000 0.000000 0.000000 0.000000 0.000000 
0.000000 0.000062 0.000125 0.000186 0.000244 0.000294 0.000329 0.000342 0.000329 0.000294 0.000244 0.000186 0.000125 0.000062 0.000000 
0.000000 0.000125 0.000250 0.000375 0.000497 0.000604 0.000681 0.000710 0.000681 0.000604 0.000497 0.000375 0.000250 0.000125 0.000000 
0.000000 0.000186 0.000375 0.000569 0.000763 0.000943 0.001080 0.001136 0.001080 0.000943 0.000763 0.000569 0.000375 0.000186 0.000000 
0.000000 0.000244 0.000497 0.000763 0.001043 0.001324 0.001562 0.001673 0.001562 0.001324 0.001043 0.000763 0.000497 0.000244 0.000000 
0.000000 0.000294 0.000604 0.000943 0.001324 0.001747 0.002171 0.002432 0.002171 0.001747 0.001324 0.000943 0.000604 0.000294 0.000000 
0.000000 0.000329 0.000681 0.001080 0.001562 0.002171 0.002942 0.003713 0.002942 0.002171 0.001562 0.001080 0.000681 0.000329 0.000000 
0.000000 0.000342 0.000710 0.001136 0.001673 0.002432 0.003713 0.006537 0.003713 0.002432 0.001673 0.001136 0.000710 0.000342 0.000000 
0.000000 0.000329 0.000681 0.001080 0.001562 0.002171 0.002942 0.003713 0.002942 0.002171 0.001562 0.001080 0.000681 0.000329 0.000000 
0.000000 0.000294 0.000604 0.000943 0.001324 0.001747 0.002171 0.002432 0.002171 0.001747 0.001324 0.000943 0.000604 0.000294 0.000000 
0.000000 0.000244 0.000497 0.000763 0.001043 0.001324 0.001562 0.001673 0.001562 0.001324 0.001043 0.000763 0.000497 0.000244 0.000000 
0.000000 0.000186 0.000375 0.000569 0.000763 0.000943 0.001080 0.001136 0.001080 0.000943 0.000763 0.000569 0.000375 0.000186 0.000000 
0.000000 0.000125 0.000250 0.000375 0.000497 0.000604 0.000681 0.000710 0.000681 0.000604 0.000497 0.000375 0.000250 0.000125 0.000000 
0.000000 0.000062 0.000125 0.000186 0.000244 0.000294 0.000329 0.000342 0.000329 0.000294 0.000244 0.000186 0.000125 0.000062 0.000000 
0.000000 0.000000 0.000000 0.000000 0.000000 0.000000 0.000000 0.000000 0.000000 0.000000 0.000000 0.000000 0.000000 0.000000 0.000000 
